1 0.5866666666666667 0.384 0.5866666666666667 0.388 0.5813333333333334 0.392 0.5813333333333334 0.394 0.576 0.398 0.576 0.438 0.5786666666666667 0.44 0.5786666666666667 0.446 0.6 0.446 0.6 0.418 0.5973333333333334 0.416 0.5973333333333334 0.398 0.5866666666666667 0.39
1 0.07733333333333334 0.506 0.07733333333333334 0.53 0.072 0.534 0.072 0.536 0.06666666666666667 0.54 0.06666666666666667 0.586 0.088 0.586 0.088 0.54 0.08 0.534 0.08 0.532 0.07733333333333334 0.53
1 0.6213333333333333 0.35 0.6213333333333333 0.36 0.624 0.362 0.624 0.376 0.6266666666666667 0.378 0.6266666666666667 0.386 0.616 0.394 0.616 0.404 0.6133333333333333 0.406 0.6133333333333333 0.442 0.616 0.444 0.6373333333333333 0.444 0.6373333333333333 0.398 0.6346666666666667 0.396 0.6346666666666667 0.394 0.6293333333333333 0.39 0.6293333333333333 0.384 0.6266666666666667 0.382 0.6266666666666667 0.376 0.624 0.374 0.624 0.36 0.6213333333333333 0.358
1 0.24266666666666667 0.5 0.24266666666666667 0.508 0.24 0.51 0.24 0.528 0.23733333333333334 0.53 0.23733333333333334 0.532 0.23466666666666666 0.534 0.23466666666666666 0.536 0.232 0.538 0.232 0.54 0.22933333333333333 0.542 0.22933333333333333 0.588 0.232 0.588 0.23466666666666666 0.59 0.24533333333333332 0.59 0.248 0.592 0.25066666666666665 0.592 0.25333333333333335 0.59 0.256 0.59 0.25866666666666666 0.588 0.256 0.586 0.256 0.558 0.25333333333333335 0.556 0.25333333333333335 0.54 0.25066666666666665 0.538 0.25066666666666665 0.536 0.248 0.534 0.248 0.532 0.24533333333333332 0.53 0.24533333333333332 0.528 0.24266666666666667 0.526
1 0.47733333333333333 0.358 0.47733333333333333 0.386 0.4693333333333333 0.392 0.4666666666666667 0.392 0.4666666666666667 0.42 0.4693333333333333 0.422 0.4693333333333333 0.448 0.49333333333333335 0.448 0.49333333333333335 0.408 0.49066666666666664 0.406 0.49066666666666664 0.392 0.4826666666666667 0.386 0.4826666666666667 0.384 0.48 0.382 0.48 0.358
1 0.192 0.506 0.192 0.532 0.18933333333333333 0.534 0.18933333333333333 0.536 0.18133333333333335 0.542 0.18133333333333335 0.578 0.17866666666666667 0.58 0.17866666666666667 0.588 0.18133333333333335 0.59 0.18933333333333333 0.59 0.192 0.588 0.20266666666666666 0.588 0.20533333333333334 0.586 0.20533333333333334 0.544 0.20266666666666666 0.542 0.20266666666666666 0.54 0.2 0.538 0.2 0.536 0.19466666666666665 0.532 0.19466666666666665 0.52 0.192 0.518
1 0.31466666666666665 0.506 0.31466666666666665 0.536 0.312 0.538 0.312 0.54 0.304 0.546 0.304 0.548 0.30133333333333334 0.55 0.30133333333333334 0.58 0.304 0.582 0.304 0.588 0.32266666666666666 0.588 0.3253333333333333 0.586 0.328 0.586 0.328 0.544 0.32 0.538 0.32 0.536 0.31733333333333336 0.534 0.31733333333333336 0.506
1 0.112 0.506 0.112 0.528 0.10933333333333334 0.53 0.10933333333333334 0.538 0.10666666666666667 0.54 0.10666666666666667 0.544 0.104 0.546 0.104 0.548 0.10133333333333333 0.55 0.10133333333333333 0.554 0.09866666666666667 0.556 0.09866666666666667 0.572 0.10133333333333333 0.574 0.10133333333333333 0.592 0.11733333333333333 0.592 0.12 0.59 0.12266666666666666 0.59 0.12266666666666666 0.546 0.12 0.544 0.12 0.542 0.11733333333333333 0.54 0.11733333333333333 0.538 0.112 0.534
1 0.4186666666666667 0.494 0.4186666666666667 0.526 0.416 0.528 0.416 0.53 0.4106666666666667 0.534 0.4106666666666667 0.536 0.408 0.538 0.408 0.582 0.4106666666666667 0.584 0.432 0.584 0.432 0.578 0.43466666666666665 0.576 0.43466666666666665 0.536 0.42933333333333334 0.532 0.42933333333333334 0.53 0.42133333333333334 0.524 0.42133333333333334 0.496
1 0.38133333333333336 0.494 0.38133333333333336 0.52 0.37333333333333335 0.526 0.37333333333333335 0.538 0.37066666666666664 0.54 0.37066666666666664 0.582 0.37333333333333335 0.584 0.37333333333333335 0.586 0.3893333333333333 0.586 0.392 0.584 0.39466666666666667 0.584 0.3973333333333333 0.582 0.3973333333333333 0.54 0.392 0.536 0.392 0.534 0.3893333333333333 0.532 0.3893333333333333 0.53 0.38666666666666666 0.528 0.38666666666666666 0.524 0.384 0.522 0.384 0.494
1 0.432 0.346 0.432 0.382 0.42933333333333334 0.384 0.42933333333333334 0.388 0.4266666666666667 0.39 0.4266666666666667 0.394 0.424 0.396 0.424 0.448 0.4266666666666667 0.45 0.448 0.45 0.448 0.394 0.44266666666666665 0.39 0.44266666666666665 0.388 0.43733333333333335 0.384 0.43733333333333335 0.382 0.432 0.378
1 0.38133333333333336 0.372 0.38133333333333336 0.396 0.37866666666666665 0.398 0.37866666666666665 0.402 0.376 0.404 0.376 0.408 0.37333333333333335 0.41 0.37333333333333335 0.412 0.37066666666666664 0.414 0.37066666666666664 0.452 0.3973333333333333 0.452 0.4 0.45 0.4 0.422 0.3973333333333333 0.42 0.3973333333333333 0.414 0.39466666666666667 0.412 0.39466666666666667 0.408 0.392 0.406 0.392 0.404 0.3893333333333333 0.402 0.3893333333333333 0.4 0.38666666666666666 0.398 0.38666666666666666 0.396 0.384 0.394 0.384 0.374
