1 0.29600000381469727 0.5419999957084656 0.02133333310484886 0.08399999886751175
1 0.5879999995231628 0.3970000147819519 0.024000000208616257 0.09799999743700027
1 0.2693333327770233 0.5400000214576721 0.02133333310484886 0.09200000017881393
1 0.07733333110809326 0.5460000038146973 0.02133333310484886 0.07999999821186066
1 0.625333309173584 0.3970000147819519 0.024000000208616257 0.09399999678134918
1 0.24400000274181366 0.5460000038146973 0.029333332553505898 0.09200000017881393
1 0.47999998927116394 0.40299999713897705 0.02666666731238365 0.09000000357627869
1 0.3386666774749756 0.5400000214576721 0.01600000075995922 0.09200000017881393
1 0.19200000166893005 0.5479999780654907 0.02666666731238365 0.08399999886751175
1 0.5133333206176758 0.39899998903274536 0.018666666001081467 0.09799999743700027
1 0.31466665863990784 0.546999990940094 0.02666666731238365 0.0820000022649765
1 0.1106666699051857 0.5490000247955322 0.024000000208616257 0.0860000029206276
1 0.42133334279060364 0.5389999747276306 0.02666666731238365 0.09000000357627869
1 0.3840000033378601 0.5400000214576721 0.02666666731238365 0.09200000017881393
1 0.4359999895095825 0.39800000190734863 0.024000000208616257 0.10400000214576721
1 0.3853333294391632 0.41200000047683716 0.029333332553505898 0.07999999821186066
